Node (, Transform: [0.000000 0.000000 0.000000] [1.000000 0.000000 0.000000] [0.000000 1.000000 0.000000] [0.000000 0.000000 1.000000])
	Node (, Transform: [0.000000 0.000000 0.000000] [1.000000 0.000000 0.000000] [0.000000 1.000000 0.000000] [0.000000 0.000000 1.000000])
		Node (Scene Root, Transform: [0.000000 0.000000 0.000000] [1.000000 0.000000 0.000000] [0.000000 1.000000 0.000000] [0.000000 0.000000 1.000000])
			Node (CSpromenade_, Transform: [0.000000 0.000000 0.000000] [1.000000 0.000000 0.000000] [0.000000 1.000000 0.000000] [0.000000 0.000000 1.000000])
				Mesh Holder (Editable Mesh, Transform: [0.000000 0.000000 0.000000] [1.000000 0.000000 0.000000] [0.000000 1.000000 0.000000] [0.000000 0.000000 1.000000])
			Node (CSdef_sail03, Transform: [0.000000 0.000000 0.000000] [0.000000 1.000000 -0.000000] [1.000000 -0.000000 0.000000] [-0.000000 -0.000000 -1.000000])
				Mesh Holder (Editable Mesh, Transform: [0.000000 0.000000 0.000000] [1.000000 0.000000 0.000000] [0.000000 1.000000 0.000000] [0.000000 0.000000 1.000000])
			Node (CSdeflector0, Transform: [0.000000 0.000000 0.000000] [0.000000 1.000000 -0.000000] [1.000000 -0.000000 0.000000] [-0.000000 -0.000000 -1.000000])
				Mesh Holder (Editable Mesh, Transform: [0.000000 0.000000 0.000000] [1.000000 0.000000 0.000000] [0.000000 1.000000 0.000000] [0.000000 0.000000 1.000000])
			Node (CSsub_ring01, Transform: [0.000000 0.000000 0.000000] [0.866025 -0.500000 -0.000000] [-0.500000 -0.866025 -0.000000] [0.000000 0.000000 -1.000000])
				Mesh Holder (Editable Mesh, Transform: [0.000000 0.000000 0.000000] [1.000000 0.000000 0.000000] [0.000000 1.000000 0.000000] [0.000000 0.000000 1.000000])
			Node (CSfusion rea, Transform: [0.000000 0.000000 0.000000] [0.866025 -0.500000 -0.000000] [-0.500000 -0.866025 -0.000000] [0.000000 0.000000 -1.000000])
				Mesh Holder (Editable Mesh, Transform: [0.000000 0.000000 0.000000] [1.000000 0.000000 0.000000] [0.000000 1.000000 0.000000] [0.000000 0.000000 1.000000])
			Node (CSbridge01, Transform: [0.000000 0.000000 0.000000] [0.866025 -0.500000 -0.000000] [-0.500000 -0.866025 -0.000000] [0.000000 0.000000 -1.000000])
				Mesh Holder (Editable Mesh, Transform: [0.000000 0.000000 0.000000] [1.000000 0.000000 0.000000] [0.000000 1.000000 0.000000] [0.000000 0.000000 1.000000])
			Node (CSdeflector1, Transform: [0.000000 0.000000 0.000000] [-0.866026 -0.500000 0.000000] [-0.500000 0.866026 0.000000] [-0.000000 -0.000000 -1.000000])
				Mesh Holder (Editable Mesh, Transform: [0.000000 0.000000 0.000000] [1.000000 0.000000 0.000000] [0.000000 1.000000 0.000000] [0.000000 0.000000 1.000000])
			Node (CSdeflector2, Transform: [0.000000 0.000000 0.000000] [0.866025 -0.500000 -0.000000] [-0.500000 -0.866025 -0.000000] [0.000000 0.000000 -1.000000])
				Mesh Holder (Editable Mesh, Transform: [0.000000 0.000000 0.000000] [1.000000 0.000000 0.000000] [0.000000 1.000000 0.000000] [0.000000 0.000000 1.000000])
			Node (CSdef_sail01, Transform: [0.000000 0.000000 0.000000] [-0.866026 -0.500000 0.000000] [-0.500000 0.866026 0.000000] [-0.000000 -0.000000 -1.000000])
				Mesh Holder (Editable Mesh, Transform: [0.000000 0.000000 0.000000] [1.000000 0.000000 0.000000] [0.000000 1.000000 0.000000] [0.000000 0.000000 1.000000])
			Node (CSdef_sail02, Transform: [0.000000 0.000000 0.000000] [0.866025 -0.500000 -0.000000] [-0.500000 -0.866025 -0.000000] [0.000000 0.000000 -1.000000])
				Mesh Holder (Editable Mesh, Transform: [0.000000 0.000000 0.000000] [1.000000 0.000000 0.000000] [0.000000 1.000000 0.000000] [0.000000 0.000000 1.000000])
			Node (CSOuter Rin0, Transform: [0.000000 0.000000 0.000000] [0.000001 1.000000 0.000000] [1.000000 -0.000000 -0.000000] [-0.000000 0.000000 -1.000000])
				Node (__NDL_MultiMtl_Node, Transform: [0.000000 0.000000 0.000000] [1.000000 0.000000 0.000000] [0.000000 1.000000 0.000000] [0.000000 0.000000 1.000000])
					Mesh Holder (CSOuter Rin0:0, Transform: [0.000000 0.000000 0.000000] [1.000000 0.000000 0.000000] [0.000000 1.000000 0.000000] [0.000000 0.000000 1.000000])
					Mesh Holder (CSOuter Rin0:1, Transform: [0.000000 0.000000 0.000000] [1.000000 0.000000 0.000000] [0.000000 1.000000 0.000000] [0.000000 0.000000 1.000000])
			Node (CSupper_pyl1, Transform: [0.000000 0.000000 0.000000] [0.866025 -0.500001 -0.000000] [-0.500001 -0.866025 -0.000000] [0.000000 0.000000 -1.000000])
				Mesh Holder (Editable Mesh, Transform: [0.000000 0.000000 0.000000] [1.000000 0.000000 0.000000] [0.000000 1.000000 0.000000] [0.000000 0.000000 1.000000])
			Node (CSlower_pyl1, Transform: [0.000000 0.000000 0.000000] [0.866025 -0.500001 0.000000] [-0.500001 -0.866025 0.000000] [-0.000000 -0.000000 -1.000000])
				Mesh Holder (Editable Mesh, Transform: [0.000000 0.000000 0.000000] [1.000000 0.000000 0.000000] [0.000000 1.000000 0.000000] [0.000000 0.000000 1.000000])
			Node (CSmain_arm03, Transform: [0.000000 0.000000 0.000000] [0.000001 1.000000 0.000000] [1.000000 -0.000001 -0.000000] [-0.000000 0.000000 -1.000000])
				Mesh Holder (Editable Mesh, Transform: [0.000000 0.000000 0.000000] [1.000000 0.000000 0.000000] [0.000000 1.000000 0.000000] [0.000000 0.000000 1.000000])
			Node (CSpower_con0, Transform: [0.000000 0.000000 0.000000] [-0.866025 0.500000 -0.000000] [0.500000 0.866025 0.000000] [0.000000 -0.000000 -1.000000])
				Mesh Holder (Editable Mesh, Transform: [0.000000 0.000000 0.000000] [1.000000 0.000000 0.000000] [0.000000 1.000000 0.000000] [0.000000 0.000000 1.000000])
			Node (CSpower_con1, Transform: [0.000000 0.000000 0.000000] [-0.866025 -0.500000 -0.000000] [-0.500000 0.866025 -0.000000] [0.000000 0.000000 -1.000000])
				Mesh Holder (Editable Mesh, Transform: [0.000000 0.000000 0.000000] [1.000000 0.000000 0.000000] [0.000000 1.000000 0.000000] [0.000000 0.000000 1.000000])
			Node (CSpower_cond, Transform: [0.000000 0.000000 0.000000] [0.000000 1.000000 -0.000000] [1.000000 -0.000000 0.000000] [0.000000 -0.000000 -1.000000])
				Mesh Holder (Editable Mesh, Transform: [0.000000 0.000000 0.000000] [1.000000 0.000000 0.000000] [0.000000 1.000000 0.000000] [0.000000 0.000000 1.000000])
			Node (CSpower_con3, Transform: [0.000000 0.000000 0.000000] [0.866026 -0.500000 -0.000000] [-0.500000 -0.866026 -0.000000] [0.000000 0.000000 -1.000000])
				Mesh Holder (Editable Mesh, Transform: [0.000000 0.000000 0.000000] [1.000000 0.000000 0.000000] [0.000000 1.000000 0.000000] [0.000000 0.000000 1.000000])
			Node (CSpower_con4, Transform: [0.000000 0.000000 0.000000] [0.866025 0.500000 0.000000] [0.500000 -0.866025 -0.000000] [-0.000000 0.000000 -1.000000])
				Mesh Holder (Editable Mesh, Transform: [0.000000 0.000000 0.000000] [1.000000 0.000000 0.000000] [0.000000 1.000000 0.000000] [0.000000 0.000000 1.000000])
			Node (CSpower_con2, Transform: [0.000000 0.000000 0.000000] [0.000000 -1.000000 -0.000000] [-1.000000 -0.000000 0.000000] [-0.000000 0.000000 -1.000000])
				Mesh Holder (Editable Mesh, Transform: [0.000000 0.000000 0.000000] [1.000000 0.000000 0.000000] [0.000000 1.000000 0.000000] [0.000000 0.000000 1.000000])
			Node (CSmain_arm04, Transform: [0.000000 0.000000 0.000000] [-0.866025 0.500001 0.000000] [-0.500001 -0.866025 -0.000000] [0.000000 -0.000000 1.000000])
				Mesh Holder (Editable Mesh, Transform: [0.000000 0.000000 0.000000] [1.000000 0.000000 0.000000] [0.000000 1.000000 0.000000] [0.000000 0.000000 1.000000])
			Node (CSmain_arm05, Transform: [0.000000 0.000000 0.000000] [0.866025 -0.500001 -0.000000] [-0.500001 -0.866025 -0.000000] [-0.000000 0.000000 -1.000000])
				Mesh Holder (Editable Mesh, Transform: [0.000000 0.000000 0.000000] [1.000000 0.000000 0.000000] [0.000000 1.000000 0.000000] [0.000000 0.000000 1.000000])
			Node (CSupper_pyl02, Transform: [0.000000 0.000000 0.000000] [0.866026 0.499999 0.000000] [-0.499999 0.866026 0.000000] [-0.000000 -0.000000 1.000000])
				Mesh Holder (Editable Mesh, Transform: [0.000000 0.000000 0.000000] [1.000000 0.000000 0.000000] [0.000000 1.000000 0.000000] [0.000000 0.000000 1.000000])
			Node (CSupper_pyl03, Transform: [0.000000 0.000000 0.000000] [-0.866026 -0.499999 -0.000000] [-0.499999 0.866026 0.000000] [0.000000 0.000000 -1.000000])
				Mesh Holder (Editable Mesh, Transform: [0.000000 0.000000 0.000000] [1.000000 0.000000 0.000000] [0.000000 1.000000 0.000000] [0.000000 0.000000 1.000000])
			Node (CSlower_pyl02, Transform: [0.000000 0.000000 0.000000] [-0.000001 -1.000000 0.000000] [1.000000 -0.000001 -0.000000] [0.000000 0.000000 1.000000])
				Mesh Holder (Editable Mesh, Transform: [0.000000 0.000000 0.000000] [1.000000 0.000000 0.000000] [0.000000 1.000000 0.000000] [0.000000 0.000000 1.000000])
			Node (CSlower_pyl03, Transform: [0.000000 0.000000 0.000000] [0.000001 1.000000 -0.000000] [1.000000 -0.000001 0.000000] [0.000000 -0.000000 -1.000000])
				Mesh Holder (Editable Mesh, Transform: [0.000000 0.000000 0.000000] [1.000000 0.000000 0.000000] [0.000000 1.000000 0.000000] [0.000000 0.000000 1.000000])
			Node (CSOuter Rin01, Transform: [0.000000 0.000000 0.000000] [-0.866025 0.500000 0.000000] [-0.500000 -0.866025 -0.000000] [0.000000 -0.000000 1.000000])
				Node (__NDL_MultiMtl_Node, Transform: [0.000000 0.000000 0.000000] [1.000000 0.000000 0.000000] [0.000000 1.000000 0.000000] [0.000000 0.000000 1.000000])
					Mesh Holder (CSOuter Rin01:0, Transform: [0.000000 0.000000 0.000000] [1.000000 0.000000 0.000000] [0.000000 1.000000 0.000000] [0.000000 0.000000 1.000000])
					Mesh Holder (CSOuter Rin01:1, Transform: [0.000000 0.000000 0.000000] [1.000000 0.000000 0.000000] [0.000000 1.000000 0.000000] [0.000000 0.000000 1.000000])
			Node (CSOuter Rin02, Transform: [0.000000 0.000000 0.000000] [-0.866026 -0.500000 0.000000] [-0.500000 0.866026 0.000000] [-0.000000 0.000000 -1.000000])
				Node (__NDL_MultiMtl_Node, Transform: [0.000000 0.000000 0.000000] [1.000000 0.000000 0.000000] [0.000000 1.000000 0.000000] [0.000000 0.000000 1.000000])
					Mesh Holder (CSOuter Rin02:0, Transform: [0.000000 0.000000 0.000000] [1.000000 0.000000 0.000000] [0.000000 1.000000 0.000000] [0.000000 0.000000 1.000000])
					Mesh Holder (CSOuter Rin02:1, Transform: [0.000000 0.000000 0.000000] [1.000000 0.000000 0.000000] [0.000000 1.000000 0.000000] [0.000000 0.000000 1.000000])
