Node (, Transform: [0.000000 0.000000 0.000000] [1.000000 0.000000 0.000000] [0.000000 1.000000 0.000000] [0.000000 0.000000 1.000000])
	Node (, Transform: [0.000000 0.000000 0.000000] [1.000000 0.000000 0.000000] [0.000000 1.000000 0.000000] [0.000000 0.000000 1.000000])
		Node (Scene Root, Transform: [0.000000 0.000000 0.000000] [1.000000 0.000000 0.000000] [0.000000 1.000000 0.000000] [0.000000 0.000000 1.000000])
			Node (LCARs, Transform: [0.088320 -5.140431 1.425920] [1.000000 0.000000 0.000000] [0.000000 1.000000 0.000000] [0.000000 0.000000 1.000000])
				Node (Mesh03, Transform: [-0.393739 -1.927844 -2.422969] [0.000000 0.000000 1.000000] [1.000000 -0.000000 -0.000000] [0.000000 1.000000 -0.000000])
					Mesh Holder (Editable Mesh, Transform: [0.000000 0.000000 0.000000] [1.000000 0.000000 0.000000] [0.000000 1.000000 0.000000] [0.000000 0.000000 1.000000])
				Node (Mesh04, Transform: [0.297654 -1.927844 -2.422666] [-0.000000 0.000000 1.000000] [-1.000000 0.000000 -0.000000] [-0.000000 -1.000000 0.000000])
					Mesh Holder (Editable Mesh, Transform: [0.000000 0.000000 0.000000] [1.000000 0.000000 0.000000] [0.000000 1.000000 0.000000] [0.000000 0.000000 1.000000])
				Node (Mesh22, Transform: [4.132654 10.559287 0.390159] [0.544639 0.000000 -0.838671] [0.838671 -0.000000 0.544639] [0.000000 -1.000000 -0.000000])
					Mesh Holder (Editable Mesh, Transform: [0.000000 0.000000 0.000000] [1.000000 0.000000 0.000000] [0.000000 1.000000 0.000000] [0.000000 0.000000 1.000000])
				Node (Object02, Transform: [-0.151610 -6.795748 -3.436747] [1.000000 0.000000 0.000000] [0.000000 1.000000 0.000000] [0.000000 0.000000 1.000000])
					Mesh Holder (Editable Mesh, Transform: [0.000000 0.000000 0.000000] [1.000000 0.000000 0.000000] [0.000000 1.000000 0.000000] [0.000000 0.000000 1.000000])
			Node (Omni01, Transform: [-0.065127 -4.294745 -1.384165] [1.000000 0.000000 0.000000] [0.000000 0.000000 -1.000000] [0.000000 1.000000 0.000000])
			Node (Gamma, Transform: [-0.065126 -4.294746 -0.589352] [1.000000 0.000000 0.000000] [0.000000 1.000000 0.000000] [0.000000 0.000000 1.000000])
				Node (Normal, Transform: [0.000000 -0.000000 0.000000] [1.000000 0.000000 0.000000] [0.000000 1.000000 0.000000] [0.000000 0.000000 1.000000])
					Node (Mesh21, Transform: [4.286100 9.713601 2.405432] [0.544639 0.000000 -0.838671] [0.838671 -0.000000 0.544639] [0.000000 -1.000000 -0.000000])
						Mesh Holder (Editable Mesh, Transform: [0.000000 0.000000 0.000000] [1.000000 0.000000 0.000000] [0.000000 1.000000 0.000000] [0.000000 0.000000 1.000000])
					Node (Arc04, Transform: [0.142202 -0.844363 3.667069] [0.000000 0.000000 1.000000] [-0.000000 -1.000000 0.000000] [1.000000 -0.000000 0.000000])
						Mesh Holder (Editable Mesh, Transform: [0.000000 0.000000 0.000000] [1.000000 0.000000 0.000000] [0.000000 1.000000 0.000000] [0.000000 0.000000 1.000000])
					Node (Box03, Transform: [3.436222 4.876165 0.535294] [0.920505 -0.390731 0.000000] [-0.390731 -0.920505 0.000000] [-0.000000 -0.000000 -1.000000])
						Mesh Holder (Editable Mesh, Transform: [0.000000 0.000000 0.000000] [1.000000 0.000000 0.000000] [0.000000 1.000000 0.000000] [0.000000 0.000000 1.000000])
					Node (Circle02, Transform: [11.278127 -1.424835 3.419327] [0.515038 -0.857167 0.000000] [-0.857167 -0.515038 0.000000] [-0.000000 -0.000000 -1.000000])
						Mesh Holder (Editable Mesh, Transform: [0.000000 0.000000 0.000000] [1.000000 0.000000 0.000000] [0.000000 1.000000 0.000000] [0.000000 0.000000 1.000000])
					Node (Circle06, Transform: [-11.346379 -1.424835 2.473335] [0.515038 -0.857167 0.000000] [0.857167 0.515038 -0.000000] [-0.000000 0.000000 1.000000])
						Mesh Holder (Editable Mesh, Transform: [0.000000 0.000000 0.000000] [1.000000 0.000000 0.000000] [0.000000 1.000000 0.000000] [0.000000 0.000000 1.000000])
					Node (Line03, Transform: [0.127848 9.497320 0.800538] [1.000000 0.000000 0.000000] [0.000000 1.000000 0.000000] [0.000000 0.000000 1.000000])
						Mesh Holder (Editable Mesh, Transform: [0.000000 0.000000 0.000000] [1.000000 0.000000 0.000000] [0.000000 1.000000 0.000000] [0.000000 0.000000 1.000000])
					Node (Line04, Transform: [-0.906564 0.577446 -2.818850] [1.000000 0.000000 0.000000] [0.000000 1.000000 0.000000] [0.000000 0.000000 1.000000])
						Mesh Holder (Editable Mesh, Transform: [0.000000 0.000000 0.000000] [1.000000 0.000000 0.000000] [0.000000 1.000000 0.000000] [0.000000 0.000000 1.000000])
					Node (Line06, Transform: [1.342540 3.028464 -2.817985] [1.000000 0.000000 0.000000] [0.000000 1.000000 0.000000] [0.000000 0.000000 1.000000])
						Mesh Holder (Editable Mesh, Transform: [0.000000 0.000000 0.000000] [1.000000 0.000000 0.000000] [0.000000 1.000000 0.000000] [0.000000 0.000000 1.000000])
					Node (Line10, Transform: [3.779417 9.836830 2.405432] [0.000000 0.000000 -1.000000] [-1.000000 0.000000 0.000000] [0.000000 1.000000 0.000000])
						Mesh Holder (Editable Mesh, Transform: [0.000000 0.000000 0.000000] [1.000000 0.000000 0.000000] [0.000000 1.000000 0.000000] [0.000000 0.000000 1.000000])
					Node (Line11, Transform: [-4.064028 9.713601 2.405432] [0.544639 0.000000 -0.838671] [-0.838671 -0.000000 -0.544639] [0.000000 1.000000 -0.000000])
						Mesh Holder (Editable Mesh, Transform: [0.000000 0.000000 0.000000] [1.000000 0.000000 0.000000] [0.000000 1.000000 0.000000] [0.000000 0.000000 1.000000])
					Node (Line34, Transform: [4.286100 9.713601 2.405432] [0.544639 0.000000 -0.838671] [0.838671 -0.000000 0.544639] [0.000000 -1.000000 -0.000000])
						Mesh Holder (Editable Mesh, Transform: [0.000000 0.000000 0.000000] [1.000000 0.000000 0.000000] [0.000000 1.000000 0.000000] [0.000000 0.000000 1.000000])
					Node (Arc01, Transform: [11.235680 -1.336610 -2.827682] [0.515038 0.857167 0.000000] [-0.857167 0.515038 0.000000] [0.000000 0.000000 1.000000])
						Mesh Holder (Editable Mesh, Transform: [0.000000 0.000000 0.000000] [1.000000 0.000000 0.000000] [0.000000 1.000000 0.000000] [0.000000 0.000000 1.000000])
					Node (Line49, Transform: [-0.048183 -9.638165 3.849202] [-1.000000 0.000000 0.000000] [-0.000000 -1.000000 -0.000000] [-0.000000 -0.000000 1.000000])
						Mesh Holder (Editable Mesh, Transform: [0.000000 0.000000 0.000000] [1.000000 0.000000 0.000000] [0.000000 1.000000 0.000000] [0.000000 0.000000 1.000000])
					Node (Mesh46, Transform: [6.196595 -1.863162 -2.787435] [1.000000 0.000000 0.000000] [0.000000 1.000000 0.000000] [0.000000 0.000000 1.000000])
						Mesh Holder (Editable Mesh, Transform: [0.000000 0.000000 0.000000] [1.000000 0.000000 0.000000] [0.000000 1.000000 0.000000] [0.000000 0.000000 1.000000])
					Node (Mesh05, Transform: [6.226789 -0.525072 -2.818850] [-1.000000 0.000000 -0.000000] [0.000000 1.000000 0.000000] [0.000000 -0.000000 -1.000000])
						Mesh Holder (Editable Mesh, Transform: [0.000000 0.000000 0.000000] [1.000000 0.000000 0.000000] [0.000000 1.000000 0.000000] [0.000000 0.000000 1.000000])
					Node (Mesh18, Transform: [0.824700 3.506843 -0.610597] [0.000000 0.000000 -1.000000] [-1.000000 0.000000 0.000000] [0.000000 1.000000 0.000000])
						Mesh Holder (Editable Mesh, Transform: [0.000000 0.000000 0.000000] [1.000000 0.000000 0.000000] [0.000000 1.000000 0.000000] [0.000000 0.000000 1.000000])
					Node (Mesh19, Transform: [3.779417 9.836830 2.405432] [0.000000 0.000000 -1.000000] [-1.000000 0.000000 0.000000] [0.000000 1.000000 0.000000])
						Mesh Holder (Editable Mesh, Transform: [0.000000 0.000000 0.000000] [1.000000 0.000000 0.000000] [0.000000 1.000000 0.000000] [0.000000 0.000000 1.000000])
					Node (Mesh20, Transform: [-4.064028 9.713601 2.405432] [0.544639 0.000000 -0.838671] [-0.838671 -0.000000 -0.544639] [0.000000 1.000000 -0.000000])
						Mesh Holder (Editable Mesh, Transform: [0.000000 0.000000 0.000000] [1.000000 0.000000 0.000000] [0.000000 1.000000 0.000000] [0.000000 0.000000 1.000000])
					Node (Mesh23, Transform: [3.779417 9.836830 2.405432] [0.000000 0.000000 -1.000000] [-1.000000 0.000000 0.000000] [0.000000 1.000000 0.000000])
						Mesh Holder (Editable Mesh, Transform: [0.000000 0.000000 0.000000] [1.000000 0.000000 0.000000] [0.000000 1.000000 0.000000] [0.000000 0.000000 1.000000])
					Node (Mesh31, Transform: [6.196595 -1.863162 -2.818850] [1.000000 0.000000 0.000000] [0.000000 1.000000 0.000000] [0.000000 0.000000 1.000000])
						Mesh Holder (Editable Mesh, Transform: [0.000000 0.000000 0.000000] [1.000000 0.000000 0.000000] [0.000000 1.000000 0.000000] [0.000000 0.000000 1.000000])
					Node (Mesh40, Transform: [6.196595 -1.863162 -2.818850] [1.000000 0.000000 0.000000] [0.000000 1.000000 0.000000] [0.000000 0.000000 1.000000])
						Mesh Holder (Editable Mesh, Transform: [0.000000 0.000000 0.000000] [1.000000 0.000000 0.000000] [0.000000 1.000000 0.000000] [0.000000 0.000000 1.000000])
					Node (Mesh41, Transform: [6.196595 -1.863162 -2.818850] [1.000000 0.000000 0.000000] [0.000000 1.000000 0.000000] [0.000000 0.000000 1.000000])
						Mesh Holder (Editable Mesh, Transform: [0.000000 0.000000 0.000000] [1.000000 0.000000 0.000000] [0.000000 1.000000 0.000000] [0.000000 0.000000 1.000000])
					Node (Mesh43, Transform: [6.196595 -1.863162 -2.818850] [1.000000 0.000000 0.000000] [0.000000 1.000000 0.000000] [0.000000 0.000000 1.000000])
						Mesh Holder (Editable Mesh, Transform: [0.000000 0.000000 0.000000] [1.000000 0.000000 0.000000] [0.000000 1.000000 0.000000] [0.000000 0.000000 1.000000])
					Node (Mesh11, Transform: [6.216576 -0.525072 -2.754083] [-1.000000 0.000000 -0.000000] [0.000000 1.000000 0.000000] [0.000000 -0.000000 -1.000000])
						Mesh Holder (Editable Mesh, Transform: [0.000000 0.000000 0.000000] [1.000000 0.000000 0.000000] [0.000000 1.000000 0.000000] [0.000000 0.000000 1.000000])
					Node (Mesh01, Transform: [6.196595 -1.863162 -2.818850] [1.000000 0.000000 0.000000] [0.000000 1.000000 0.000000] [0.000000 0.000000 1.000000])
						Mesh Holder (Editable Mesh, Transform: [0.000000 0.000000 0.000000] [1.000000 0.000000 0.000000] [0.000000 1.000000 0.000000] [0.000000 0.000000 1.000000])
					Node (Rectangle4, Transform: [-2.189006 -1.948224 -2.205108] [1.000000 0.000000 0.000000] [0.000000 1.000000 0.000000] [0.000000 0.000000 1.000000])
						Mesh Holder (Editable Mesh, Transform: [0.000000 0.000000 0.000000] [1.000000 0.000000 0.000000] [0.000000 1.000000 0.000000] [0.000000 0.000000 1.000000])
					Node (Tube01, Transform: [0.157565 -0.891128 5.409565] [1.000000 0.000000 0.000000] [0.000000 -1.000000 0.000000] [0.000000 -0.000000 -1.000000])
						Mesh Holder (Editable Mesh, Transform: [0.000000 0.000000 0.000000] [1.000000 0.000000 0.000000] [0.000000 1.000000 0.000000] [0.000000 0.000000 1.000000])
					Node (Plane01, Transform: [6.439568 -6.432012 1.362394] [-0.500000 -0.000000 -0.866025] [-0.866025 -0.000000 0.500000] [-0.000000 1.000000 -0.000000])
						Mesh Holder (Editable Mesh, Transform: [0.000000 0.000000 0.000000] [1.000000 0.000000 0.000000] [0.000000 1.000000 0.000000] [0.000000 0.000000 1.000000])
					Node (Rectangle5, Transform: [-1.000192 -2.636761 -2.220356] [1.000000 0.000000 0.000000] [0.000000 1.000000 0.000000] [0.000000 0.000000 1.000000])
						Mesh Holder (Editable Mesh, Transform: [0.000000 0.000000 0.000000] [1.000000 0.000000 0.000000] [0.000000 1.000000 0.000000] [0.000000 0.000000 1.000000])
					Node (Object01, Transform: [0.824700 3.506843 -0.610597] [-0.000000 -0.000000 -1.000000] [-1.000000 0.000000 0.000000] [0.000000 1.000000 0.000000])
						Mesh Holder (Editable Mesh, Transform: [0.000000 0.000000 0.000000] [1.000000 0.000000 0.000000] [0.000000 1.000000 0.000000] [0.000000 0.000000 1.000000])
					Node (floorlight, Transform: [-0.906564 0.577446 -2.818850] [1.000000 0.000000 0.000000] [0.000000 1.000000 0.000000] [0.000000 0.000000 1.000000])
						Mesh Holder (Editable Mesh, Transform: [0.000000 0.000000 0.000000] [1.000000 0.000000 0.000000] [0.000000 1.000000 0.000000] [0.000000 0.000000 1.000000])
					Node (Box04, Transform: [0.001835 -7.641433 -1.421474] [1.000000 0.000000 0.000000] [0.000000 1.000000 0.000000] [0.000000 0.000000 1.000000])
						Mesh Holder (Editable Mesh, Transform: [0.000000 0.000000 0.000000] [1.000000 0.000000 0.000000] [0.000000 1.000000 0.000000] [0.000000 0.000000 1.000000])
					Node (Mesh06, Transform: [7.902907 6.416169 -1.146852] [-0.713251 -0.000000 -0.700909] [-0.700909 0.000000 0.713251] [-0.000000 1.000000 -0.000000])
						Mesh Holder (Editable Mesh, Transform: [0.000000 0.000000 0.000000] [1.000000 0.000000 0.000000] [0.000000 1.000000 0.000000] [0.000000 0.000000 1.000000])
					Node (Mesh07, Transform: [7.902907 6.416169 -1.146852] [-0.713251 -0.000000 -0.700909] [-0.700909 0.000000 0.713251] [-0.000000 1.000000 -0.000000])
						Mesh Holder (Editable Mesh, Transform: [0.000000 0.000000 0.000000] [1.000000 0.000000 0.000000] [0.000000 1.000000 0.000000] [0.000000 0.000000 1.000000])
					Node (Line51, Transform: [7.026918 -1.077922 4.465735] [-1.000000 0.000000 -0.000000] [-0.000000 1.000000 0.000000] [0.000000 0.000000 -1.000000])
						Mesh Holder (Editable Mesh, Transform: [0.000000 0.000000 0.000000] [1.000000 0.000000 0.000000] [0.000000 1.000000 0.000000] [0.000000 0.000000 1.000000])
					Node (Mesh55, Transform: [7.902907 6.467869 -1.146852] [-0.713251 0.000000 -0.700909] [-0.700909 0.000000 0.713251] [0.000000 1.000000 -0.000000])
						Mesh Holder (Editable Mesh, Transform: [0.000000 0.000000 0.000000] [1.000000 0.000000 0.000000] [0.000000 1.000000 0.000000] [0.000000 0.000000 1.000000])
				Node (Red On Glow Alpha, Transform: [-0.921168 4.140870 0.513482] [1.000000 0.000000 0.000000] [0.000000 1.000000 0.000000] [0.000000 0.000000 1.000000])
					Node (Box01, Transform: [-1.835744 6.352850 1.347605] [1.000000 0.000000 0.000000] [0.000000 -0.238533 -0.971134] [0.000000 0.971134 -0.238533])
						Mesh Holder (Editable Mesh, Transform: [0.000000 0.000000 0.000000] [1.000000 0.000000 0.000000] [0.000000 1.000000 0.000000] [0.000000 0.000000 1.000000])
			Node (Circle03, Transform: [0.088320 -5.140431 3.526306] [-1.000000 -0.000000 0.000000] [0.000000 1.000000 0.000000] [-0.000000 0.000000 -1.000000])
				Mesh Holder (Editable Mesh, Transform: [0.000000 0.000000 0.000000] [1.000000 0.000000 0.000000] [0.000000 1.000000 0.000000] [0.000000 0.000000 1.000000])
			Node (Omni02, Transform: [-0.065127 -4.294746 4.417433] [1.000000 0.000000 0.000000] [0.000000 0.000000 -1.000000] [0.000000 1.000000 0.000000])
			Node (Omni03, Transform: [-0.065127 -9.866600 1.584260] [1.000000 0.000000 0.000000] [0.000000 0.000000 -1.000000] [0.000000 1.000000 0.000000])
			Node (Omni04, Transform: [-0.065127 3.981755 1.584260] [1.000000 0.000000 0.000000] [0.000000 0.000000 -1.000000] [0.000000 1.000000 0.000000])
			Node (Omni05, Transform: [-5.397438 -4.525208 1.584260] [1.000000 0.000000 0.000000] [0.000000 0.000000 -1.000000] [0.000000 1.000000 0.000000])
			Node (Omni06, Transform: [5.046870 -4.525208 1.584260] [1.000000 0.000000 0.000000] [0.000000 0.000000 -1.000000] [0.000000 1.000000 0.000000])
			Node (chair 01, Transform: [2.422902 -6.276115 -1.184359] [0.000000 0.000000 -1.000000] [1.000000 0.000000 -0.000000] [-0.000000 -1.000000 0.000000])
				Mesh Holder (Editable Mesh, Transform: [-0.901291 0.812508 0.736000] [1.000000 -0.000000 0.000000] [0.000000 1.000000 0.000000] [-0.000000 -0.000000 1.000000])
			Node (chair 02, Transform: [-2.297681 -6.257337 -1.184359] [0.000000 -0.000000 -1.000000] [-1.000000 0.000000 0.000000] [-0.000000 1.000000 0.000000])
				Mesh Holder (Editable Mesh, Transform: [0.920069 -0.812508 -0.736000] [1.000000 0.000000 0.000000] [-0.000000 1.000000 -0.000000] [-0.000000 0.000000 1.000000])
			Node (right door 2, Transform: [-8.829022 -5.168416 -0.555402] [0.000000 0.000000 -1.000000] [1.000000 0.000000 -0.000000] [-0.000000 -1.000000 0.000000])
				Mesh Holder (Editable Mesh, Transform: [0.000000 0.000000 0.000000] [1.000000 0.000000 0.000000] [0.000000 1.000000 0.000000] [0.000000 0.000000 1.000000])
			Node (right door 1, Transform: [-8.829022 -6.253920 -0.555112] [0.000000 0.000000 -1.000000] [1.000000 0.000000 -0.000000] [-0.000000 -1.000000 0.000000])
				Mesh Holder (Editable Mesh, Transform: [0.000000 0.000000 0.000000] [1.000000 0.000000 0.000000] [0.000000 1.000000 0.000000] [0.000000 0.000000 1.000000])
			Node (left door 2, Transform: [8.630519 -5.168416 -0.595400] [0.000000 0.000000 -1.000000] [-1.000000 0.000000 -0.000000] [0.000000 1.000000 0.000000])
				Mesh Holder (Editable Mesh, Transform: [0.000000 0.000000 0.000000] [1.000000 0.000000 0.000000] [0.000000 1.000000 0.000000] [0.000000 0.000000 1.000000])
			Node (left door 1, Transform: [8.630519 -6.253920 -0.595111] [0.000000 0.000000 -1.000000] [-1.000000 0.000000 -0.000000] [0.000000 1.000000 0.000000])
				Mesh Holder (Editable Mesh, Transform: [0.000000 0.000000 0.000000] [1.000000 0.000000 0.000000] [0.000000 1.000000 0.000000] [0.000000 0.000000 1.000000])
